006097625X
0061478679
0061689092
0062935747
030793103X
0307931072
0316225819
0316346152
031646581X
0345529375
037571457X
048623231X
0486274268
0593994825
0785117210
0785134794
0785194886
0786860707
0803729723
0803740166
0804176981
0807039551
0812972155
0857685724
0874777720
0887309135
0895949903
0996401695
1302909487
1302923587
1302925091
130292530X
1302945017
1302946277
1302946927
130294858X
1302953168
1302956388
1302956655
1302956876
1302957317
1302957929
130295833X
1302958348
1302962655
1302963481
1302963856
1302964216
1302964410
1302964674
1302964887
1302965387
1302965506
1302966081
130296609X
1302966162
1302966979
1302967959
1302968319
1302968343
133862976X
133871337X
1401213596
1401216269
1401219780
1401232590
1401232744
1401234828
1401238408
1401240836
1401246923
1401251277
1401255264
1401263119
1401285007
1401288839
1401290965
1401290973
1401294057
1401294707
1416550860
1419763997
1419770675
142151883X
1421518848
1421525828
1421549298
1421559315
1421561328
1421565978
1421573342
1421579758
1421580365
142158316X
1421585316
1421589575
1421590565
1421592517
1421593475
1421594870
1421598507
1421599929
1421599945
1421599953
1421599961
1427884455
1427884463
1427884870
1446308332
1506703356
1506709397
1506709877
150671174X
1506711782
1506711987
1506711995
1506714811
1506715214
1506715222
1506717926
1506719198
1506721699
1506723810
1506726550
1506726569
1506726828
1506730574
1506733778
1506733816
1506736300
1506744826
1506746764
150674687X
1506747205
1506747612
1506747620
1506753329
1524108596
1524109703
1524110035
1524884979
1524888044
1534300457
1534305033
1534313338
1534316884
1534320954
1534329897
1534330089
1534331166
1534331212
1534332286
1534332693
1534332898
1534333274
1534333967
1534334092
1534340262
1534345272
1534358056
1534361669
1534371508
1534375066
1534398082
153439995X
1560978511
1563895730
1569317771
158240500X
1582407118
1582407711
1582407932
1595824626
1606993763
1606999079
1606999575
1606999796
1607063603
1607065967
1607066807
1607067722
1608861341
1613452241
1616552476
1620105896
1632150328
1632151154
1632157438
1632158868
1637969791
1638581436
163858575X
163858852X
1639512128
1643375768
1646090713
1646091094
1646091817
1646092007
1646092651
1646093976
1646094182
1646510348
1646511492
1646511506
1646512251
1646517989
1647294614
1647294894
1648275060
1683966317
1684058414
168405866X
1684058716
1684059372
1684158052
168579324X
1685793320
177046171X
1770466622
1770467572
1772943614
177294386X
1779502672
1779504330
1779506619
1779508018
1779510373
1779510667
1779514557
1779515227
1779515464
1779515588
1779515707
1779517149
1779519869
1779519907
1779521537
1779523181
177952319X
1779523408
1779523904
1779524358
177952627X
1786186357
1787081559
1787735338
1787737276
1787743233
1787743241
1787743829
1787744809
178774535X
1787747182
1787747190
1787747565
1799500314
1799500985
1799501302
1799501310
1799501418
1799501442
1799501825
1799501914
1799502198
1799502317
1799502392
1799502503
1799502732
1799502880
179950302X
1799503046
1799503135
1799503224
1799503267
1799504891
1799505197
1799505243
1799505294
1799505359
1799505502
1799505553
1799505685
1799506673
1799506703
1799506908
1799507351
1799507386
1799507513
1799507521
1799507580
1799507696
1799507866
1799510514
1799510522
190683881X
1913330001
1933492953
1941220436
1942993773
1942993811
1944860711
1955213224
1962413020
1974700003
1974700011
1974700046
1974700054
1974700062
1974700216
1974700224
1974700720
1974702251
1974703037
1974703045
1974703428
1974703436
1974703908
1974703983
1974704416
1974704424
1974704432
1974705641
1974706664
1974707407
1974707822
197471067X
1974711641
1974715469
1974718190
1974718476
1974720144
1974722821
1974724646
1974725766
1974725960
1974727114
197472851X
1974732126
1974734323
1974734331
1974738809
1974738817
1974740358
1974742768
1974743497
1974743535
1974743764
1974746054
1974746399
1974746933
1974747018
1974747247
1974748898
197474938X
1974749444
1974749487
1974751554
1974751562
1974752062
1974752585
1974752658
1974752895
1974754979
1974755177
1974755290
1974755312
1974755592
1974755681
1974757722
1974757986
1974758370
1974758559
1974761320
1974761924
1974762173
1974762246
1974762254
1974762610
1974762793
1975320336
1975324803
1975325672
1975337131
1975341082
1975341341
1975346106
1975346122
1975346149
1975346165
1975346181
1975346262
1975359623
1975379160
1975387953
197538797X
1975387996
1975388011
1975388038
1975388054
1975389441
250512745X
288471510X
4087824586
4756251048
4756253776
4756258743
8416636540
8426425577
B07MJHX8R3
B0B2T8CNNV
B0BX9D4YBZ
B0C4XW16QN
B0C7R8HQPS
B0C9628781
B0CB7P71WT
B0CBNDR8FX
B0CCM7R79K
B0CCM9KQGP
B0CKR6B6TD
B0CL3ZC28S
B0CL47VC4L
B0CPXPJ45C
B0CQW6TZNZ
B0CRQPNKQ3
B0CZSB4Q3K
B0D6JKTBNY
B0D72NV4F7
B0D9VJD4JS
B0DB4KQSJV
B0DNDTRT5K
B0DR1MCJN3
B0DSHRB1CH
B0DWMGXJQ3
B0DX5KKGZY
B0DXPCG5QN
B0DXPJVJLH
B0DZ1WF2LH
B0F3WTY5S6
B0F5M44J9N
B0F6MQX7QT
B0FCGDT59S
B0FDFDYVVF
B0FFFWGKM6
B0FHNVC7VQ
B0FHNVKCSP
B0FHPHD26B
B0FLQFYXDQ
B0G4M5J5GG
